image: julinfeng00.pgm
resolution: 0.050000
origin: [-7.270789, -5.881778, 0.000000]
negate: 0
occupied_thresh: 0.65
free_thresh: 0.196

