image: test1.pgm
resolution: 0.050000
origin: [-2.450000, -7.550000, 0.000000]
negate: 0
occupied_thresh: 0.65
free_thresh: 0.196

